GAMES
Danzai not Maria
ALIGN
4096
KEY
1316495790
2819474132
2248757531
4047237730
783096101
581648179
565089812
3048937126
4180748092
282547206
3781837572
2827876509
2337478486
2358415701
2677641431
1258969821
762234281
2343257673
1219153868
3362497925
706969127
2118928847
70636801
3092943041
562189382
4233034904
2737087573
1743152181
3362497925
762234281
2343257673
1219153868
3781837572
2827876509
4180748092
282547206
2819474132
2248757531
4047237730
1316495790
581648179
565089812
3048937126
783096101
1130188827
2242448402
2721571447
3838090480
843728214
2120631133
740911990
759979354