GAMES
Fuyu Uso -Snow World End- Trial
ALIGN
1024
ENCRYPTION
Camellia
KEY
88275304
2747105906
579106224
4157267816
339098426
917879834
924171571
3139019452
1874068129
2092192222
3241742658
987266021
3512601115
496835418
3725400970
3734625676
4005980335
84774606
2376953606
2378526540
2394300153
1542258856
1596789879
2957919312
2292260204
1039316954
3345434326
3078833890
2378526540
4005980335
84774606
2376953606
3241742658
987266021
1874068129
2092192222
2747105906
579106224
4157267816
88275304
917879834
924171571
3139019452
339098426
4073801595
82068744
3949064085
3201305221
1987341675
2016701995
2053600819
1165502572