GAMES
Himawari!! -Anata Dake o Mitsumeteru-
ALIGN
1024
KEY
3842005063
3442633671
4147118105
4090556845
505036444
548639932
3031546133
3072474167
2027352704
740550297
904133528
850408
505122573
525209689
3395181144
3700087697
1841860365
3347484583
137159983
757886533
212602
506838176
185137574
1299775206
4258004998
2096381035
1205044246
1922537110
757886533
1841860365
3347484583
137159983
904133528
850408
2027352704
740550297
3442633671
4147118105
4090556845
3842005063
548639932
3031546133
3072474167
505036444
2962201188
3616534112
3401633
3814443520
2100838759
695822691
1915448900
2020490292