GAMES
Kajiri Kamui Kagura Premier Trial
ALIGN
4096
KEY
342800059
3978668639
680872162
158823099
3131812919
3014211865
590685739
2554048672
3109915191
1532884626
3576665162
2758870203
3629145429
3592149460
2626458010
2467679261
3859737640
782953229
3974778438
1221413258
2837201198
3998704269
3604446628
3041649938
3391443512
2187189422
1971779189
656614502
1221413258
3859737640
782953229
3974778438
3576665162
2758870203
3109915191
1532884626
3978668639
680872162
158823099
342800059
3014211865
590685739
2554048672
3131812919
1836571211
1421758762
2445546222
3849726173
1483695954
1915897450
1280782455
1631679831