GAMES
Kajiri Kamui Kagura
ALIGN
4096
ENCRYPTION
Camellia
KEY
854036713
3372493507
83636227
2537429968
1050656184
389491874
1017591075
873964064
233314675
3363103874
358711934
402770847
3507494735
3738962843
2521898579
2593233419
3439716488
262664046
97372968
2401881416
2248176359
3279554140
4062001440
2237161631
3242134528
3855582964
4155966182
3851700116
2401881416
3439716488
262664046
97372968
358711934
402770847
233314675
3363103874
3372493507
83636227
2537429968
854036713
389491874
1017591075
873964064
1050656184
567513608
1434847736
1611083388
933258703
2070949486
1497659726
1782999087
1145077055