GAMES
Kajiri Kamui Kagura Akebono no Hikari
ALIGN
4096
KEY
3666284865
629548533
2769228936
702389934
397941307
305771040
949237147
532420761
3478613315
2292224707
318427783
2319717614
206343132
220039452
3641711690
449679326
3354330662
1173227150
3297668232
237309286
3801154875
3017136976
3794281648
3300832417
1766049058
175597483
55009863
910427922
237309286
3354330662
1173227150
3297668232
318427783
2319717614
3478613315
2292224707
629548533
2769228936
702389934
3666284865
305771040
949237147
532420761
397941307
578964236
1273711134
688935867
1029551374
880157811
1681944872
1798717304
825372528