GAMES
Kaminoyu
ALIGN
4096
ENCRYPTION
Camellia
KEY
1298342182
3541077359
3105789825
135071988
966276517
462987835
648780453
1026864438
2222597809
2425579912
1186454671
1270907910
1520114892
450006476
1360892757
3444743834
1330457933
2389052777
1189488782
3383420585
3538952449
2703133100
1680136802
296613667
3997672928
1107509821
112501619
340223189
3383420585
1330457933
2389052777
1189488782
1186454671
1270907910
2222597809
2425579912
3541077359
3105789825
135071988
1298342182
462987835
648780453
1026864438
966276517
1112385057
450851389
788664346
300456646
1800025905
1148603735
894073449
1785492272