GAMES
Majino Complex
ALIGN
4096
KEY
540435698
533201540
806704181
2292998101
445853754
3529395688
2546050157
1015055230
803901467
846794724
21108746
2853880918
1103039817
2552064303
653544416
3526794816
1327505631
2258947086
3029832570
636512539
2860953877
2348459014
3432924153
5277186
201676045
1646991349
1711757899
3384611576
636512539
1327505631
2258947086
3029832570
21108746
2853880918
803901467
846794724
533201540
806704181
2292998101
540435698
3529395688
2546050157
1015055230
445853754
3387178896
84434986
2825589080
3215605868
1618322620
2614177667
1222277377
117191974