GAMES
Paradise Lost
ALIGN
4096
KEY
1952077073
4229465158
1730767210
3083341150
2594543780
3090356908
3173723047
681819180
112146989
713621004
1109603220
3031784420
3726003538
3427949593
2371247765
2513671249
3391680267
648635945
772589227
793430761
757946105
28036747
1252147075
277400805
2580175450
2918318935
3004471046
1666553765
793430761
3391680267
648635945
772589227
1109603220
3031784420
112146989
713621004
4229465158
1730767210
3083341150
1952077073
3090356908
3173723047
681819180
2594543780
2854484017
143445586
3537203088
448587956
826896486
895056470
1464750407
2019112267