GAMES
Sakashiki Hito ni Miru Kokoro
ALIGN
4096
KEY
1656791692
383247051
3721897255
3673102523
109445505
8389507
42075525
75761543
2354950496
1363544939
4049989355
3532909943
63144771
12615744
29458753
46301762
1092682209
3248586848
1075839200
3231744353
4104452957
3809963096
340886234
4233722810
4151699785
4139501102
3224379408
7364688
3231744353
1092682209
3248586848
1075839200
4049989355
3532909943
2354950496
1363544939
383247051
3721897255
3673102523
1656791692
8389507
42075525
75761543
109445505
1159212463
3315055535
1246737886
829867393
50462976
117835012
185207048
252579084