GAMES
Aki Uso -The only neat thing to do-
ALIGN
1024
KEY
1041479107
3487836745
1464224451
2832494752
2526722874
3021216564
3147445273
547372320
944774921
3672238066
354724771
627168362
512772941
1570593290
228220365
437030992
1210584904
631680718
2902787789
786861318
3378017562
2383677378
1991801340
2236164840
1439797936
3929349160
1466390146
2204538739
786861318
1210584904
631680718
2902787789
354724771
627168362
944774921
3672238066
3487836745
1464224451
2832494752
1041479107
3021216564
3147445273
547372320
2526722874
1804050376
1418899084
2508673448
3779099687
1987405864
912881460
1748123968
2051091765