GAMES
Shiro no Pikapika Ohoshi-sama
ALIGN
4096
KEY
1586479891
2039721421
2272569239
3898737444
3124246459
909253682
991574712
3115790523
26357575
3783900361
3605447610
1405875249
2556288284
467507993
236526989
492592347
778947630
4002287086
3448538892
2395377326
2498952460
1080331217
4167200562
1975103726
1641884133
4195909833
116876998
1132873571
2395377326
778947630
4002287086
3448538892
3605447610
1405875249
26357575
3783900361
2039721421
2272569239
3898737444
1586479891
909253682
991574712
3115790523
3124246459
2250699559
1536888553
1328533700
105430303
1870031972
946107956
1970369390
1635218544