GAMES
Silverio Vendetta
ALIGN
1024
ENCRYPTION
Camellia
KEY
1518775075
3538402986
655869062
2391770244
3147080341
2696650785
3157342614
3132732337
3259116867
1435625843
3746894731
3796059975
3654868426
1363857501
3490766360
2630573404
2930666732
1860511909
1747904520
1863077477
4170240465
4036004688
3580131932
4157949154
2311450913
2745426209
2488448023
1946433414
1863077477
2930666732
1860511909
1747904520
3746894731
3796059975
3259116867
1435625843
3538402986
655869062
2391770244
1518775075
2696650785
3157342614
3132732337
3147080341
1447536079
2102677039
2299338015
151565581
1160462711
1078163554
1932359027
1734571817