GAMES
Soranica Ele
ALIGN
4096
ENCRYPTION
Camellia
KEY
4147359754
1649310331
525693247
2841444718
2646224550
799291322
3007037090
708684438
2159508377
3624218919
1027444650
3097482414
3578482397
391321554
467491229
3746632990
2324654757
2809039785
2347306478
2899242920
2921854251
2687360742
1979796553
3478086634
3352648783
3931586651
1171572212
2264356455
2899242920
2324654757
2809039785
2347306478
1027444650
3097482414
2159508377
3624218919
1649310331
525693247
2841444718
4147359754
799291322
3007037090
708684438
2646224550
1611973788
4109778602
3799995066
48098919
1565286216
1869964919
2101630075
1429027700