GAMES
Soushuu Senshinkan Gakuen Bansenjin
ALIGN
1024
KEY
1520041878
5225366
3040351630
1878819868
3073938492
2720020532
3013219765
2604151446
1108225356
4291493927
3721091740
180828158
424369052
1243500816
471488973
182111644
1724779685
2915968271
680005133
753304941
45207039
2424539987
1072873481
4151498407
2907571555
2617188615
310875204
117872243
753304941
1724779685
2915968271
680005133
3721091740
180828158
1108225356
4291493927
5225366
3040351630
1878819868
1520041878
2720020532
3013219765
2604151446
3073938492
4281073823
1999465072
723312633
137934131
679035968
1885955892
728446576
1697476209