GAMES
Soushuu Senshinkan Gakuen Hachimyoujin
ALIGN
1024
ENCRYPTION
Camellia
KEY
1550330158
2006347004
2412481996
3807968915
2628819897
431268147
3063266585
454080700
2135535156
345455563
914245605
3336991100
1549684312
1306299610
1352260426
3733753224
1187261999
657204974
1181558860
3987042118
1907989599
533883789
86363890
3449786873
603120499
951992228
326574902
2485548754
3987042118
1187261999
657204974
1181558860
914245605
3336991100
2135535156
345455563
2006347004
2412481996
3807968915
1550330158
431268147
3063266585
454080700
2628819897
1381822252
3656982423
463062513
4247173328
930231145
1114074411
2050111009
1903769953