GAMES
Soushuu Senshinkan Gakuen Hachimyoujin Trial ver.1
ALIGN
1024
ENCRYPTION
Camellia
KEY
3962685803
1927508377
671398761
2522868754
412530870
2427567250
555031484
3039861435
4127815192
3837114737
3100414978
1572129583
1297976395
1549486168
3729330314
2380159640
759965358
3324358189
2754375460
2286241519
2540516043
4253179270
959278684
1848845568
1241591514
1704459012
3608597014
932332578
2286241519
759965358
3324358189
2754375460
3100414978
1572129583
4127815192
3837114737
1927508377
671398761
2522868754
3962685803
2427567250
555031484
3039861435
412530870
2463557062
3811725321
1993551039
3626358883
1902977379
2032419370
930703969
896938285