GAMES
Tapestry -you will meet yourself-
ALIGN
4096
ENCRYPTION
Camellia
KEY
1031331327
1820866184
1975827402
2906733587
2787387558
2602220343
599433509
3081872170
2651430588
1862252100
457456354
1575311008
3516224274
341003661
1570476509
1351801816
1844209866
2844330537
2798038733
3371083849
2541311400
662857647
465563025
114364088
493956850
2874167044
2232734563
1466360951
3371083849
1844209866
2844330537
2798038733
457456354
1575311008
2651430588
1862252100
1820866184
1975827402
2906733587
1031331327
2602220343
599433509
3081872170
2787387558
3154041104
1829825417
2006276738
2015787761
1364014645
1986938741
1112239971
1179995208