GAMES
Tenmon Dokei no Aria
ALIGN
4096
KEY
3262563761
680051888
4294670585
313792046
943298848
2494928291
430088218
985145906
186081595
1658360900
1649967101
3162278234
286858268
3432008282
3402730705
1343036764
2393770124
2383308360
623732072
3328747526
1864311382
2194004046
3635815697
412491775
1073667646
1152189835
858002070
2998166324
3328747526
2393770124
2383308360
623732072
1649967101
3162278234
186081595
1658360900
680051888
4294670585
313792046
3262563761
2494928291
430088218
985145906
943298848
2338476305
2304901110
4059178344
744326381
843131243
726020933
1077179760
1147433075