GAMES
Tsumi Koi x 2/3
ALIGN
4096
KEY
3450051748
1226864239
3222761873
2681686435
3032103704
3138983609
462994202
993432992
2765219537
3461489808
993517579
3100168171
1255168605
495738252
2338098636
1569529243
2395841896
758025926
784745902
1189490374
3996267514
3912530356
1939114276
248379394
4026915940
1744163432
1197676387
584524659
1189490374
2395841896
758025926
784745902
993517579
3100168171
2765219537
3461489808
1226864239
3222761873
2681686435
3450051748
3138983609
462994202
993432992
3032103704
961057344
3974070318
3810738094
2470943559
1982953010
762459953
1983149677
725707124