GAMES
Vermilion -Bind of Blood-
ALIGN
4096
KEY
2037873234
630832887
2356193086
2902821531
2996153623
2562439355
816586146
3065323540
3310206139
3173585612
3749430840
1402951298
2416597322
3599486045
3697121366
248601434
2913814533
749038405
3861835310
3425372008
350737824
2975035182
4014621875
937357710
3810273743
2873189030
3047355159
1998022165
3425372008
2913814533
749038405
3861835310
3749430840
1402951298
3310206139
3173585612
630832887
2356193086
2902821531
2037873234
2562439355
816586146
3065323540
2996153623
4104407859
2112821473
1316837899
355922670
1513042295
1903583576
994405738
1076454699