GAMES
Ars:Magna!
ALIGN
4096
ENCRYPTION
Camellia
KEY
2760298560
729071875
3008165222
3635425304
2888116763
984953656
2629020457
1009299883
403460675
1746933178
1619122598
2058579032
1490408978
2500697434
2577157721
3583286804
1326066794
3943254662
3467463886
657255114
2662128406
100865168
3657958766
2552264297
3973266777
3056339974
2772658006
2791773078
657255114
1326066794
3943254662
3467463886
1619122598
2058579032
403460675
1746933178
729071875
3008165222
3635425304
2760298560
984953656
2629020457
1009299883
2888116763
2692765417
2181523097
3939348832
1613842701
1412855146
1718696295
1448245329
1666668618