GAMES
Zero Infinity -Devil of Maxwell-
ALIGN
4096
ENCRYPTION
Camellia
KEY
288562010
3419193633
3580109288
1360236777
1018835768
3057171612
3123950236
555331766
3363080345
2376951270
1620110002
284436617
3629850205
429677340
1582193945
3645771916
138832941
2402192590
764292903
780987559
2218592802
1914511910
1667979641
2552511148
1968769146
340059194
1181161159
395548486
780987559
138832941
2402192590
764292903
1620110002
284436617
3363080345
2376951270
3419193633
3580109288
1360236777
288562010
3057171612
3123950236
555331766
1018835768
917870489
2185472712
1137746471
567419494
1718709361
2033808487
1698185779
1634498932