GAMES
Natsu Uso -Ahead of the Reminiscence-
ALIGN
1024
KEY
4111938573
764516298
40934992
2396222430
842111766
3140825760
465154738
2576556465
3119479435
2584123080
3420782904
1328039785
2430114072
3448462746
2572160476
3646508233
2791622764
1284269765
2932690088
116288684
332009946
1853611682
3867256242
855195726
2157717396
599055607
862115686
2790523767
116288684
2791622764
1284269765
2932690088
3420782904
1328039785
3119479435
2584123080
764516298
40934992
2396222430
4111938573
3140825760
465154738
2576556465
842111766
1746557731
798229729
1017191846
3887983150
908949098
1698707315
1701131046
1130521699