GAMES
BRAVA!!
ALIGN
4096
KEY
3596682347
1293530650
1664439035
3653933678
414619957
976271291
825434293
884251827
1295477552
2184554124
3675074970
2843602149
1314491483
1285201176
1541249177
2421856858
1294804780
3324880461
1317809646
3427584045
2858384185
1397611212
546138531
918768742
2563593406
4134708891
3542525766
385312294
3427584045
1294804780
3324880461
1317809646
3675074970
2843602149
1295477552
2184554124
1293530650
1664439035
3653933678
3596682347
976271291
825434293
884251827
414619957
148281907
1815397994
2784474005
886942914
845837409
1870029414
1097492841
962998637