GAMES
Deep Love Diary -Koibito Nikki-
ALIGN
1024
ENCRYPTION
Camellia
KEY
3323700025
1355722666
4048092761
247618457
892646943
429528731
901560602
446019382
768402189
3516704871
1473607844
2133624673
3684375194
1527745741
189635294
1552747850
2258988493
2370645383
3328607654
3446615622
533406168
1265842371
1952918041
3589627433
3159506838
1135646438
2529420083
1121150647
3446615622
2258988493
2370645383
3328607654
1473607844
2133624673
768402189
3516704871
1355722666
4048092761
247618457
3323700025
429528731
901560602
446019382
892646943
1181917597
1599464081
4239531396
3073608759
1816015668
758541177
1916024107
1852598889