GAMES
Dies irae ~Interview with Kaziklu Bey~
ALIGN
1024
KEY
4163763973
3173461398
788710262
1491832807
1009951163
2989560858
2694460579
362953760
3354655766
4286766739
2529892225
1639656565
504372761
1356716312
2316128333
441551569
3311963912
252487790
3968615686
2821098792
1483655965
1912405765
3219175332
3853698528
2344661213
2520441849
1412920902
579032083
2821098792
3311963912
252487790
3968615686
2529892225
1639656565
3354655766
4286766739
3173461398
788710262
1491832807
4163763973
2989560858
2694460579
362953760
1009951163
4262165070
1529634309
2263658967
533721179
1131897954
674578740
1766206276
2017491045