GAMES
Don-chan ga Kyuu
ALIGN
4096
KEY
2323061626
1624123428
1996824682
1314856780
3030595761
2746299944
2846011948
985084070
2410038587
2377986151
336739202
2419402543
2555599441
2623066584
2601800913
1494621531
246271017
2905132588
1760316810
711502987
2752334283
3823735118
3815722009
3305410272
499206170
2476197843
1729508470
650450228
711502987
246271017
2905132588
1760316810
336739202
2419402543
2410038587
2377986151
1624123428
1996824682
1314856780
2323061626
2746299944
2846011948
985084070
3030595761
922010012
1346956810
1087675582
1050219758
1902331746
1817269061
1683518830
1632463174