GAMES
Electro Arms -Realize Digital Dimension-
ALIGN
4096
ENCRYPTION
Camellia
KEY
3030644097
2916013157
2288643003
4178092808
3113949746
2721132956
3147571865
2570133811
1367628369
4206941927
1781711924
4124966020
2426002637
2367246616
2563661262
290245784
1716275276
3999712908
2827766887
786892966
1031241505
341907092
2125477305
3666653453
1645902574
4265748674
1665553478
640915315
786892966
1716275276
3999712908
2827766887
1781711924
4124966020
1367628369
4206941927
2916013157
2288643003
4178092808
3030644097
2721132956
3147571865
2570133811
3113949746
3942865821
2831880403
3614962193
1175546183
879051874
1664710456
1160983138
1114075958